shape_id,shape_pt_lat,shape_pt_lon,shape_pt_sequence
shp_01,13.80294,100.539869,0
shp_01,13.798199,100.537863,1
shp_01,13.797522,100.544064,2
shp_01,13.797726,100.55063,3
shp_01,13.79795,100.551059,4
shp_01,13.813525,100.560297,5
shp_01,13.805286,100.574971,6
shp_01,13.77143,100.573322,7
shp_01,13.770216,100.573064,8
shp_01,13.769557,100.572812,9
shp_01,13.762454,100.567289,10
shp_01,13.761062,100.566359,11
shp_01,13.760336,100.566068,12
shp_01,13.75935,100.565701,13
shp_01,13.757159,100.565194,14
shp_01,13.753089,100.564309,15
shp_01,13.743449,100.562217,16
shp_01,13.739968,100.561917,17
shp_01,13.736581,100.561348,18
shp_01,13.735013,100.560962,19
shp_01,13.733601,100.560072,20
shp_01,13.732935,100.559806,21
shp_01,13.732019,100.559776,22
shp_01,13.72975,100.559868,23
shp_01,13.725596,100.560415,24
shp_01,13.724231,100.560393,25
shp_01,13.7226,100.559953,26
shp_01,13.720192,100.559063,27
shp_01,13.72893,100.538175,28
shp_01,13.737652,100.516883,29
shp_02,13.802804,100.539794,0
shp_02,13.80469,100.53605,1
shp_02,13.805575,100.533582,2
shp_02,13.806206,100.5309,3
shp_02,13.806338,100.52995,4
shp_02,13.806454,100.520098,5
shp_02,13.806001,100.518162,6
shp_02,13.805476,100.516183,7
shp_02,13.804861,100.513812,8
shp_02,13.80445,100.513013,9
shp_02,13.803746,100.512059,10
shp_02,13.802718,100.51176,11
shp_02,13.801572,100.511493,12
shp_02,13.800696,100.511086,13
shp_02,13.792694,100.505165,14
shp_02,13.791434,100.504235,15
shp_02,13.790278,100.503331,16
shp_02,13.782232,100.490763,17
shp_02,13.780271,100.487766,18
shp_02,13.760454,100.47088,19
shp_02,13.759147,100.469835,20
shp_02,13.758264,100.469226,21
shp_02,13.756756,100.469218,22
shp_02,13.736815,100.470941,23
shp_02,13.73541,100.471162,24
shp_02,13.734358,100.471598,25
shp_02,13.729411,100.474187,26
shp_02,13.730441,100.476085,27
shp_02,13.731304,100.477168,28
shp_02,13.732864,100.478304,29
shp_02,13.740402,100.483923,30
shp_02,13.742146,100.487489,31
shp_02,13.744723,100.491226,32
shp_02,13.747419,100.494194,33
shp_02,13.747015,100.503178,34
shp_02,13.746761,100.504225,35
shp_02,13.741823,100.510495,36
shp_02,13.738169,100.51516,37
shp_02,13.73788,100.515604,38
shp_02,13.737615,100.516132,39
shp_02,13.737689,100.516445,40
shp_03,13.729411,100.474187,0
shp_03,13.724711,100.465293,1
shp_03,13.718197,100.453277,2
shp_03,13.716503,100.448588,3
shp_03,13.713426,100.439002,4
shp_03,13.713242,100.438286,5
shp_03,13.710848,100.409503,6
shp_04,13.933286,100.642254,0
shp_04,13.926257,100.626503,1
shp_04,13.874403,100.596045,2
shp_04,13.793841,100.549705,3
shp_04,13.770443,100.541312,4
shp_04,13.768314,100.540219,5
shp_04,13.766049,100.538944,6
shp_04,13.765473,100.539063,7
shp_04,13.76506,100.539166,8
shp_04,13.764835,100.539185,9
shp_04,13.764552,100.539118,10
shp_04,13.76434,100.538995,11
shp_04,13.764211,100.53885,12
shp_04,13.764129,100.538608,13
shp_04,13.764078,100.538421,14
shp_04,13.763917,100.537712,15
shp_04,13.753142,100.531769,16
shp_04,13.747186,100.530868,17
shp_04,13.74688,100.530841,18
shp_04,13.746366,100.531109,19
shp_04,13.746144,100.531401,20
shp_04,13.746021,100.531737,21
shp_04,13.744304,100.541704,22
shp_04,13.743408,100.546907,23
shp_04,13.742611,100.551317,24
shp_04,13.742339,100.55254,25
shp_04,13.741838,100.553548,26
shp_04,13.740952,100.5549,27
shp_04,13.738919,100.557775,28
shp_04,13.726056,100.575949,29
shp_04,13.710233,100.598229,30
shp_04,13.709612,100.598911,31
shp_04,13.709092,100.599322,32
shp_04,13.708396,100.599669,33
shp_04,13.69232,100.607525,34
shp_04,13.689363,100.608974,35
shp_04,13.687884,100.609741,36
shp_04,13.686322,100.610282,37
shp_04,13.685021,100.610493,38
shp_04,13.683517,100.610521,39
shp_04,13.682483,100.61038,40
shp_04,13.681568,100.610143,41
shp_04,13.634236,100.590776,42
shp_04,13.630135,100.588929,43
shp_04,13.628556,100.588276,44
shp_04,13.626976,100.588223,45
shp_04,13.625771,100.588634,46
shp_04,13.624732,100.589034,47
shp_04,13.620443,100.590527,48
shp_04,13.608626,100.59483,49
shp_04,13.6048,100.596245,50
shp_04,13.60322,100.596824,51
shp_04,13.601005,100.597379,52
shp_04,13.600543,100.597538,53
shp_04,13.600219,100.597779,54
shp_04,13.599843,100.598436,55
shp_04,13.596568,100.605483,56
shp_04,13.596174,100.606314,57
shp_04,13.595852,100.606746,58
shp_04,13.595373,100.607117,59
shp_04,13.594581,100.607553,60
shp_04,13.591377,100.609366,61
shp_04,13.590513,100.609749,62
shp_04,13.589842,100.609855,63
shp_04,13.589022,100.609688,64
shp_04,13.588202,100.609393,65
shp_04,13.576739,100.605026,66
shp_04,13.575702,100.604743,67
shp_04,13.57477,100.604675,68
shp_04,13.57349,100.604883,69
shp_04,13.567638,100.607713,70
shp_05,13.67328,100.606753,0
shp_05,13.668184,100.632304,1
shp_05,13.665812,100.644317,2
shp_05,13.664365,100.651665,3
shp_05,13.663735,100.655028,4
shp_05,13.663158,100.657371,5
shp_05,13.660872,100.662208,6
shp_05,13.64826,100.685182,7
shp_05,13.634821,100.709414,8
shp_05,13.628018,100.721743,9
shp_05,13.622173,100.734823,10
shp_05,13.648155,100.746517,11
shp_05,13.622173,100.734823,12
shp_05,13.61087,100.760282,13
shp_06,13.746495,100.529092,0
shp_06,13.744526,100.540231,1
shp_06,13.735185,100.538796,2
shp_06,13.730021,100.536795,3
shp_06,13.729442,100.536382,4
shp_06,13.729128,100.535999,5
shp_06,13.726564,100.528598,6
shp_06,13.726417,100.528378,7
shp_06,13.726216,100.528251,8
shp_06,13.726009,100.528195,9
shp_06,13.725636,100.528226,10
shp_06,13.725006,100.528603,11
shp_06,13.72468,100.528931,12
shp_06,13.722603,100.530042,13
shp_06,13.72235,100.530107,14
shp_06,13.722086,100.530074,15
shp_06,13.721752,100.529909,16
shp_06,13.721534,100.529632,17
shp_06,13.721397,100.529067,18
shp_06,13.721343,100.528444,19
shp_06,13.720986,100.527245,20
shp_06,13.718606,100.519325,21
shp_06,13.718186,100.517573,22
shp_06,13.718098,100.517094,23
shp_06,13.718197,100.516614,24
shp_06,13.718438,100.515848,25
shp_06,13.720647,100.506728,26
shp_06,13.720844,100.505022,27
shp_06,13.721037,100.499523,28
shp_06,13.72116,100.495189,29
shp_06,13.721114,100.494025,30
shp_06,13.721033,100.492969,31
shp_06,13.720632,100.490577,32
shp_06,13.720523,100.489869,33
shp_06,13.720417,100.489554,34
shp_06,13.719579,100.487155,35
shp_06,13.719454,100.486682,36
shp_06,13.71914,100.485078,37
shp_06,13.718625,100.483816,38
shp_06,13.716662,100.480189,39
shp_06,13.715738,100.479154,40
shp_06,13.714314,100.476761,41
shp_06,13.713361,100.475236,42
shp_06,13.712732,100.474315,43
shp_06,13.712384,100.473496,44
shp_06,13.712256,100.472942,45
shp_06,13.712217,100.472382,46
shp_06,13.712197,100.471954,47
shp_06,13.712251,100.471527,48
shp_06,13.712447,100.470667,49
shp_06,13.713958,100.466813,50
shp_06,13.714179,100.466243,51
shp_06,13.714317,100.465652,52
shp_06,13.714364,100.464898,53
shp_06,13.714265,100.463687,54
shp_06,13.714264,100.46327,55
shp_06,13.714502,100.462268,56
shp_06,13.714841,100.461048,57
shp_06,13.715143,100.460402,58
shp_06,13.715653,100.459778,59
shp_06,13.71621,100.459352,60
shp_06,13.71744,100.458493,61
shp_06,13.718121,100.458197,62
shp_06,13.718879,100.458052,63
shp_06,13.720883,100.457732,64
shp_07,13.73828,100.641675,0
shp_07,13.743742,100.591595,1
shp_07,13.758872,100.525278,2
shp_07,13.760732,100.523153,3
shp_07,13.764457,100.523442,4
shp_07,13.777485,100.528903,5
shp_07,13.7907,100.534192,6
shp_07,13.817432,100.544879,7
shp_07,13.818294,100.544802,8
shp_07,13.81901,100.544659,9
shp_07,13.819922,100.543924,10
shp_07,13.820606,100.543184,11
shp_07,13.821083,100.54225,12
shp_07,13.821453,100.541092,13
shp_07,13.822552,100.529789,14
shp_07,13.822604,100.528995,15
shp_07,13.822563,100.528191,16
shp_07,13.822461,100.527314,17
shp_07,13.822245,100.526533,18
shp_07,13.822018,100.525731,19
shp_07,13.821698,100.524972,20
shp_07,13.82137,100.524296,21
shp_07,13.820917,100.523567,22
shp_07,13.819752,100.522145,23
shp_07,13.814921,100.516754,24
shp_07,13.811941,100.51349,25
shp_07,13.808904,100.5103,26
shp_07,13.804953,100.505934,27
shp_07,13.80209,100.50278,28
shp_07,13.801429,100.501774,29
shp_07,13.800664,100.500683,30
shp_07,13.799843,100.498286,31
shp_07,13.79026,100.471649,32
shp_07,13.785087,100.450308,33
shp_07,13.785008,100.448315,34
shp_07,13.785282,100.446236,35
shp_07,13.786957,100.442743,36
shp_07,13.798093,100.428962,37
shp_07,13.798976,100.425737,38
shp_07,13.802502,100.324413,39
shp_08,13.792249,100.477245,0
shp_08,13.789488,100.480013,1
shp_08,13.785612,100.491793,2
shp_08,13.784341,100.495152,3
shp_08,13.773462,100.519126,4
shp_08,13.764209,100.539867,5
shp_08,13.756268,100.549208,6
shp_08,13.752954,100.563612,7
shp_09,13.737827,100.516333,0
shp_09,13.741292,100.515547,1
shp_09,13.745592,100.516198,2
shp_09,13.749016,100.516678,3
shp_09,13.757292,100.520659,4
shp_09,13.764425,100.523516,5
shp_09,13.802728,100.53961,6
shp_09,13.818703,100.546489,7
shp_09,13.821685,100.54731,8
shp_09,13.824646,100.548624,9
shp_09,13.830048,100.55151,10
shp_09,13.843122,100.558494,11
shp_09,13.8658,100.570776,12
shp_09,13.87615,100.576446,13
shp_09,13.881324,100.579357,14
shp_09,13.886603,100.582374,15
shp_09,13.931248,100.607422,16
shp_09,13.932581,100.60797,17
shp_09,13.934205,100.60841,18
shp_09,13.935808,100.608635,19
shp_09,13.938036,100.608646,20
shp_09,13.9769,100.603789,21
shp_09,14.027439,100.597553,22
shp_09,14.074648,100.589254,23
shp_10,13.645439,100.595493,0
shp_10,13.643714,100.60045,1
shp_10,13.642671,100.602037,2
shp_10,13.641316,100.603909,3
shp_10,13.639721,100.605766,4
shp_10,13.63774,100.608115,5
shp_10,13.627678,100.626934,6
shp_10,13.652552,100.641588,7
shp_10,13.66339,100.643905,8
shp_10,13.674352,100.645794,9
shp_10,13.696336,100.647606,10
shp_10,13.712732,100.643702,11
shp_10,13.72004,100.6422,12
shp_10,13.735598,100.641015,13
shp_10,13.746026,100.643614,14
shp_10,13.755037,100.645956,15
shp_10,13.755655,100.645972,16
shp_10,13.756299,100.645923,17
shp_10,13.757687,100.645809,18
shp_10,13.760811,100.645533,19
shp_10,13.763524,100.645625,20
shp_10,13.766022,100.645346,21
shp_10,13.805273,100.574995,22
shp_11,13.86031,100.513283,0
shp_11,13.859226,100.521051,1
shp_11,13.859258,100.521413,2
shp_11,13.859508,100.521592,3
shp_11,13.86008,100.521587,4
shp_11,13.872372,100.516963,5
shp_11,13.884271,100.512446,6
shp_11,13.905104,100.504644,7
shp_11,13.905868,100.504312,8
shp_11,13.906229,100.504198,9
shp_11,13.906648,100.504121,10
shp_11,13.907174,100.504161,11
shp_11,13.907504,100.504266,12
shp_11,13.906352,100.516644,13
shp_11,13.906273,100.51758,14
shp_11,13.905658,100.524645,15
shp_11,13.905471,100.52546,16
shp_11,13.900701,100.538978,17
shp_11,13.888249,100.574465,18
shp_11,13.88427,100.581594,19
shp_11,13.876125,100.595996,20
shp_11,13.873468,100.597816,21
shp_11,13.839973,100.660083,22
shp_11,13.839078,100.661718,23
shp_11,13.838516,100.662696,24
shp_11,13.837913,100.663395,25
shp_11,13.814558,100.687735,26
shp_11,13.813915,100.68842,27
shp_11,13.813265,100.68924,28
shp_11,13.812823,100.69049,29
shp_11,13.812751,100.691508,30
shp_11,13.812775,100.699135,31
shp_11,13.812737,100.709015,32
shp_11,13.812733,100.71403,33
shp_11,13.812673,100.71719,34
shp_11,13.812474,100.729316,35
shp_11,13.812368,100.736743,36
shp_12,13.812368,100.736743,0
shp_12,13.810243,100.732757,1
shp_12,13.807326,100.727538,2
shp_12,13.804825,100.725435,3
shp_12,13.804345,100.725042,4
shp_12,13.804031,100.724498,5
shp_12,13.793734,100.703972,6
shp_12,13.782038,100.68265,7
shp_12,13.777786,100.67501,8
shp_12,13.773168,100.666465,9
shp_12,13.765763,100.654739,10
shp_12,13.763292,100.649657,11
shp_12,13.762937,100.647984,12
shp_12,13.76275,100.646095,13
shp_12,13.762395,100.642641,14
shp_12,13.759707,100.619423,15
shp_12,13.75952,100.618372,16
shp_12,13.75904,100.617299,17
shp_12,13.758415,100.616548,18
shp_12,13.74741,100.60553,19
shp_12,13.751527,100.593374,20
shp_12,13.753934,100.58507,21
shp_12,13.754643,100.582238,22
shp_12,13.768401,100.571873,23
shp_12,13.773094,100.552943,24
shp_12,13.764159,100.548217,25
shp_12,13.762615,100.542455,26
shp_12,13.755998,100.542406,27
shp_12,13.754885,100.542184,28
shp_12,13.753387,100.541854,29
shp_12,13.750891,100.54121,30
shp_12,13.749932,100.541049,31
shp_12,13.757292,100.520659,32
shp_12,13.756858,100.518627,33
shp_12,13.756633,100.516423,34
shp_12,13.756558,100.514806,35
shp_12,13.756409,100.506017,36
shp_12,13.755986,100.50535,37
shp_12,13.757354,100.498486,38
shp_12,13.757884,100.495915,39
shp_12,13.758465,100.494353,40
shp_12,13.758815,100.493579,41
shp_12,13.758942,100.493027,42
shp_12,13.759707,100.482695,43
shp_12,13.76035,100.478067,44
shp_12,13.760615,100.476609,45
shp_12,13.760883,100.475757,46
shp_12,13.761198,100.47491,47
shp_12,13.761713,100.474063,48
shp_12,13.762889,100.472703,49
shp_12,13.788884,100.440059,50
shp_13,13.713871,100.756474,0
shp_13,13.718624,100.757761,1
shp_13,13.723293,100.759864,2
shp_13,13.725148,100.760207,3
shp_13,13.725965,100.760213,4
shp_13,13.726824,100.760134,5
shp_13,13.727374,100.759738,6
shp_13,13.727827,100.759097,7
shp_13,13.727921,100.75833,8
shp_13,13.727462,100.738964,9
shp_13,13.732834,100.691468,10
shp_13,13.734951,100.671524,11
shp_13,13.737931,100.645196,12
shp_13,13.74105,100.618214,13
shp_13,13.742984,100.600045,14
shp_13,13.744167,100.591403,15
shp_13,13.753336,100.55006,16
shp_13,13.754948,100.54281,17
shp_13,13.756568,100.535517,18
shp_13,13.759004,100.525571,19
shp_13,13.760816,100.523381,20
shp_13,13.764295,100.523595,21
shp_13,13.793364,100.535523,22
shp_13,13.806023,100.540502,23
shp_13,13.81657,100.544712,24
shp_13,13.824856,100.548525,25
shp_13,13.84176,100.557547,26
shp_13,13.919832,100.600766,27
shp_14,13.721125,100.50294,0
shp_14,13.721136,100.505612,1
shp_14,13.721824,100.506138,2
shp_14,13.721928,100.506535,3
shp_14,13.721521,100.508959,4
shp_14,13.725034,100.509185,5
shp_14,13.73013,100.50868,6
shp_14,13.734466,100.495977,7
shp_15,13.721521,100.508959,0
shp_15,13.720271,100.508863,1
shp_15,13.716581,100.507178,2
shp_15,13.712537,100.502586,3
shp_15,13.710974,100.498466,4
shp_15,13.70916,100.495591,5
shp_15,13.70695,100.491428,6
shp_15,13.703031,100.488467,7
shp_16,13.892515,100.40821,0
shp_16,13.8809749,100.4093117,1
shp_16,13.8788085,100.4094833,2
shp_16,13.876642,100.409655,3
shp_16,13.8756421,100.4101271,4
shp_16,13.8750588,100.4105562,5
shp_16,13.8746838,100.411157,6
shp_16,13.8744339,100.4119295,7
shp_16,13.8744339,100.4128307,8
shp_16,13.8748088,100.4196113,9
shp_16,13.8757254,100.433988,10
shp_16,13.876517,100.4445881,11
shp_16,13.8766837,100.4482788,12
shp_16,13.8768087,100.4495233,13
shp_16,13.8766837,100.4507679,14
shp_16,13.8764754,100.451712,15
shp_16,13.876267,100.4526132,16
shp_16,13.8759754,100.4535574,17
shp_16,13.8748505,100.4562181,18
shp_16,13.8709341,100.4656166,19
shp_16,13.8705592,100.4666895,20
shp_16,13.8703508,100.4675478,21
shp_16,13.8702675,100.4687065,22
shp_16,13.8706841,100.4803795,23
shp_16,13.8707675,100.4820961,24
shp_16,13.8706841,100.4837698,25
shp_16,13.8704758,100.4851002,26
shp_16,13.8698092,100.4868597,27
shp_16,13.8659344,100.494284,28
shp_16,13.8651844,100.4958719,29
shp_16,13.8633928,100.4997772,30
shp_16,13.8625179,100.501923,31
shp_16,13.8616012,100.5048412,32
shp_16,13.8611846,100.5075449,33
shp_16,13.8607679,100.510549,34
shp_16,13.86031,100.513283,35
shp_16,13.859393,100.5197328,36
shp_16,13.859018,100.5205053,37
shp_16,13.8585596,100.5208486,38
shp_16,13.8578513,100.5209345,39
shp_16,13.856143,100.5198187,40
shp_16,13.8486637,100.5148405,41
shp_16,13.8442886,100.5119437,42
shp_16,13.843726,100.5116433,43
shp_16,13.8433718,100.5115575,44
shp_16,13.8430385,100.5115575,45
shp_16,13.8427468,100.5116004,46
shp_16,13.8423301,100.5117935,47
shp_16,13.8394133,100.5152053,48
shp_16,13.8298916,100.5265564,49
shp_16,13.8254952,100.5318135,50
shp_16,13.8249743,100.5322212,51
shp_16,13.824516,100.5325002,52
shp_16,13.8240576,100.5326933,53
shp_16,13.82349,100.532868,54
shp_16,13.8229949,100.5328649,55
shp_16,13.8201195,100.5325216,56
shp_16,13.806206,100.5309,57
shp_17,13.575246,100.573783,0
shp_17,13.578419,100.574958,1
shp_17,13.586346,100.580782,2
shp_17,13.594607,100.579316,3
shp_17,13.593774,100.56927,4
shp_17,13.593857,100.566157,5
shp_17,13.59611,100.56313,6
shp_17,13.632845,100.52978,7
shp_17,13.633734,100.529045,8
shp_17,13.634817,100.528541,9
shp_17,13.640782,100.526166,10
shp_17,13.649041,100.522873,11
shp_17,13.665227,100.516465,12
shp_17,13.666274,100.516026,13
shp_17,13.666999,100.515588,14
shp_17,13.667875,100.514689,15
shp_17,13.668709,100.513395,16
shp_17,13.680034,100.495361,17
shp_17,13.684409,100.48903,18
shp_17,13.688898,100.482796,19
shp_17,13.689718,100.481768,20
shp_17,13.690368,100.481377,21
shp_17,13.691143,100.48119,22
shp_17,13.691807,100.48125,23
shp_17,13.692346,100.481429,24
shp_17,13.73487,100.496061,25
shp_17,13.736488,100.496598,26
shp_17,13.7406,100.499657,27
shp_17,13.745067,100.502629,28
shp_17,13.746397,100.503061,29
shp_17,13.750103,100.503987,30
shp_17,13.755462,100.50529,31
shp_17,13.755835,100.50522,32
shp_17,13.756016,100.505133,33
shp_17,13.756678,100.501855,34
shp_17,13.760742,100.496634,35
shp_17,13.76218,100.498278,36
shp_17,13.765,100.499948,37
shp_17,13.766928,100.501137,38
shp_17,13.769705,100.503797,39
shp_17,13.771129,100.505068,40
shp_17,13.774546,100.50669,41
shp_17,13.778344,100.508477,42
shp_17,13.784835,100.511504,43
shp_17,13.785465,100.511832,44
shp_17,13.786245,100.512363,45
shp_17,13.788239,100.513795,46
shp_17,13.791613,100.516246,47
shp_17,13.797261,100.521353,48
shp_17,13.79531,100.526085,49
shp_17,13.806333,100.53086,50
